<?xml version="1.0"?>
<opencv_storage>
<CameraMatrix type_id="opencv-matrix">
  <rows>3</rows>
  <cols>3</cols>
  <dt>d</dt>
  <data>
    6.1375869532430706e+03 0. 2.1258862480342809e+03 0.
    6.1478067636693504e+03 9.3659960228725220e+02 0. 0. 1.</data></CameraMatrix>
<DistCoeffs type_id="opencv-matrix">
  <rows>1</rows>
  <cols>5</cols>
  <dt>d</dt>
  <data>
    1.5540346724997118e+00 -2.3035727558733512e+01
    1.6873431352624133e-02 -2.0320050940570426e-02
    9.3182938921292077e+01</data></DistCoeffs>
</opencv_storage>
